:nemesis	:info	:start-partition	:majorities-ring
1	:invoke	:broadcast	0
1	:ok	:broadcast	0
:nemesis	:info	:start-partition	[:isolated {"n2" #{"n0" "n3"}, "n4" #{"n1" "n0"}, "n3" #{"n2" "n1"}, "n0" #{"n2" "n4"}, "n1" #{"n4" "n3"}}]
2	:invoke	:read	nil
2	:ok	:read	[0]
3	:invoke	:broadcast	1
3	:ok	:broadcast	1
4	:invoke	:read	nil
4	:ok	:read	[0 1]
0	:invoke	:broadcast	2
0	:ok	:broadcast	2
0	:invoke	:read	nil
0	:ok	:read	[0 1 2]
1	:invoke	:broadcast	3
1	:ok	:broadcast	3
2	:invoke	:broadcast	4
2	:ok	:broadcast	4
3	:invoke	:broadcast	5
3	:ok	:broadcast	5
4	:invoke	:read	nil
4	:ok	:read	[0 1 2 3 4 5]
0	:invoke	:broadcast	6
0	:ok	:broadcast	6
0	:invoke	:broadcast	7
0	:ok	:broadcast	7
1	:invoke	:broadcast	8
1	:ok	:broadcast	8
2	:invoke	:broadcast	9
2	:ok	:broadcast	9
3	:invoke	:read	nil
3	:ok	:read	[0 1 2 3 4 5 6 7 8 9]
4	:invoke	:read	nil
4	:ok	:read	[0 1 2 3 4 5 6 7 8 9]
0	:invoke	:broadcast	10
0	:ok	:broadcast	10
0	:invoke	:read	nil
0	:ok	:read	[0 1 2 3 4 5 6 7 8 9 10]
1	:invoke	:broadcast	11
1	:ok	:broadcast	11
2	:invoke	:read	nil
2	:ok	:read	[0 1 2 3 4 5 6 7 8 9 10 11]
3	:invoke	:broadcast	12
3	:ok	:broadcast	12
4	:invoke	:read	nil
4	:ok	:read	[0 1 2 3 4 5 6 7 8 9 10 11 12]
0	:invoke	:read	nil
0	:ok	:read	[0 1 2 3 4 5 6 7 8 9 10 11 12]
0	:invoke	:broadcast	13
0	:ok	:broadcast	13
1	:invoke	:read	nil
1	:ok	:read	[0 1 2 3 4 5 6 7 8 9 10 11 12 13]
2	:invoke	:broadcast	14
2	:ok	:broadcast	14
3	:invoke	:broadcast	15
3	:ok	:broadcast	15
4	:invoke	:read	nil
4	:ok	:read	[0 1 2 3 4 5 6 7 8 9 10 11 12 13 14 15]
0	:invoke	:broadcast	16
0	:ok	:broadcast	16
0	:invoke	:read	nil
0	:ok	:read	[0 1 2 3 4 5 6 7 8 9 10 11 12 13 14 15 16]
1	:invoke	:read	nil
1	:ok	:read	[0 1 2 3 4 5 6 7 8 9 10 11 12 13 14 15 16]
2	:invoke	:read	nil
2	:ok	:read	[0 1 2 3 4 5 6 7 8 9 10 11 12 13 14 15 16]
3	:invoke	:read	nil
3	:ok	:read	[0 1 2 3 4 5 6 7 8 9 10 11 12 13 14 15 16]
4	:invoke	:read	nil
4	:ok	:read	[0 1 2 3 4 5 6 7 8 9 10 11 12 13 14 15 16]
0	:invoke	:broadcast	17
0	:ok	:broadcast	17
0	:invoke	:read	nil
0	:ok	:read	[0 1 2 3 4 5 6 7 8 9 10 11 12 13 14 15 16 17]
1	:invoke	:read	nil
1	:ok	:read	[0 1 2 3 4 5 6 7 8 9 10 11 12 13 14 15 16 17]
2	:invoke	:broadcast	18
2	:ok	:broadcast	18
3	:invoke	:read	nil
3	:ok	:read	[0 1 2 3 4 5 6 7 8 9 10 11 12 13 14 15 16 17 18]
4	:invoke	:read	nil
4	:ok	:read	[0 1 2 3 4 5 6 7 8 9 10 11 12 13 14 15 16 17 18]
0	:invoke	:read	nil
0	:ok	:read	[0 1 2 3 4 5 6 7 8 9 10 11 12 13 14 15 16 17 18]
0	:invoke	:read	nil
0	:ok	:read	[0 1 2 3 4 5 6 7 8 9 10 11 12 13 14 15 16 17 18]
1	:invoke	:read	nil
1	:ok	:read	[0 1 2 3 4 5 6 7 8 9 10 11 12 13 14 15 16 17 18]
2	:invoke	:read	nil
2	:ok	:read	[0 1 2 3 4 5 6 7 8 9 10 11 12 13 14 15 16 17 18]
3	:invoke	:read	nil
3	:ok	:read	[0 1 2 3 4 5 6 7 8 9 10 11 12 13 14 15 16 17 18]
4	:invoke	:read	nil
4	:ok	:read	[0 1 2 3 4 5 6 7 8 9 10 11 12 13 14 15 16 17 18]
0	:invoke	:read	nil
0	:ok	:read	[0 1 2 3 4 5 6 7 8 9 10 11 12 13 14 15 16 17 18]
0	:invoke	:broadcast	19
0	:ok	:broadcast	19
1	:invoke	:broadcast	20
1	:ok	:broadcast	20
2	:invoke	:broadcast	21
2	:ok	:broadcast	21
3	:invoke	:broadcast	22
3	:ok	:broadcast	22
4	:invoke	:read	nil
4	:ok	:read	[0 1 2 3 4 5 6 7 8 9 10 11 12 13 14 15 16 17 18 19 20 21 22]
0	:invoke	:read	nil
0	:ok	:read	[0 1 2 3 4 5 6 7 8 9 10 11 12 13 14 15 16 17 18 19 20 21 22]
0	:invoke	:broadcast	23
0	:ok	:broadcast	23
1	:invoke	:read	nil
1	:ok	:read	[0 1 2 3 4 5 6 7 8 9 10 11 12 13 14 15 16 17 18 19 20 21 22 23]
2	:invoke	:read	nil
2	:ok	:read	[0 1 2 3 4 5 6 7 8 9 10 11 12 13 14 15 16 17 18 19 20 21 22 23]
3	:invoke	:broadcast	24
3	:ok	:broadcast	24
4	:invoke	:read	nil
4	:ok	:read	[0 1 2 3 4 5 6 7 8 9 10 11 12 13 14 15 16 17 18 19 20 21 22 23 24]
0	:invoke	:broadcast	25
0	:ok	:broadcast	25
0	:invoke	:read	nil
0	:ok	:read	[0 1 2 3 4 5 6 7 8 9 10 11 12 13 14 15 16 17 18 19 20 21 22 23 24 25]
1	:invoke	:read	nil
1	:ok	:read	[0 1 2 3 4 5 6 7 8 9 10 11 12 13 14 15 16 17 18 19 20 21 22 23 24 25]
2	:invoke	:read	nil
2	:ok	:read	[0 1 2 3 4 5 6 7 8 9 10 11 12 13 14 15 16 17 18 19 20 21 22 23 24 25]
3	:invoke	:broadcast	26
3	:ok	:broadcast	26
4	:invoke	:broadcast	27
4	:ok	:broadcast	27
0	:invoke	:broadcast	28
0	:ok	:broadcast	28
0	:invoke	:broadcast	29
0	:ok	:broadcast	29
1	:invoke	:read	nil
1	:ok	:read	[0 1 2 3 4 5 6 7 8 9 10 11 12 13 14 15 16 17 18 19 20 21 22 23 24 25 26 27 28 29]
2	:invoke	:broadcast	30
2	:ok	:broadcast	30
3	:invoke	:broadcast	31
3	:ok	:broadcast	31
4	:invoke	:read	nil
4	:ok	:read	[0 1 2 3 4 5 6 7 8 9 10 11 12 13 14 15 16 17 18 19 20 21 22 23 24 25 26 27 28 29 30 31]
0	:invoke	:read	nil
0	:ok	:read	[0 1 2 3 4 5 6 7 8 9 10 11 12 13 14 15 16 17 18 19 20 21 22 23 24 25 26 27 28 29 30 31]
0	:invoke	:read	nil
0	:ok	:read	[0 1 2 3 4 5 6 7 8 9 10 11 12 13 14 15 16 17 18 19 20 21 22 23 24 25 26 27 28 29 30 31]
1	:invoke	:broadcast	32
1	:ok	:broadcast	32
2	:invoke	:read	nil
2	:ok	:read	[0 1 2 3 4 5 6 7 8 9 10 11 12 13 14 15 16 17 18 19 20 21 22 23 24 25 26 27 28 29 30 31 32]
3	:invoke	:read	nil
3	:ok	:read	[0 1 2 3 4 5 6 7 8 9 10 11 12 13 14 15 16 17 18 19 20 21 22 23 24 25 26 27 28 29 30 31 32]
4	:invoke	:read	nil
4	:ok	:read	[0 1 2 3 4 5 6 7 8 9 10 11 12 13 14 15 16 17 18 19 20 21 22 23 24 25 26 27 28 29 30 31 32]
0	:invoke	:broadcast	33
0	:ok	:broadcast	33
0	:invoke	:broadcast	34
0	:ok	:broadcast	34
1	:invoke	:broadcast	35
1	:ok	:broadcast	35
2	:invoke	:broadcast	36
2	:ok	:broadcast	36
3	:invoke	:broadcast	37
3	:ok	:broadcast	37
4	:invoke	:read	nil
4	:ok	:read	[0 1 2 3 4 5 6 7 8 9 10 11 12 13 14 15 16 17 18 19 20 21 22 23 24 25 26 27 28 29 30 31 32 33 34 35 36 37]
0	:invoke	:read	nil
0	:ok	:read	[0 1 2 3 4 5 6 7 8 9 10 11 12 13 14 15 16 17 18 19 20 21 22 23 24 25 26 27 28 29 30 31 32 33 34 35 36 37]
0	:invoke	:read	nil
0	:ok	:read	[0 1 2 3 4 5 6 7 8 9 10 11 12 13 14 15 16 17 18 19 20 21 22 23 24 25 26 27 28 29 30 31 32 33 34 35 36 37]
1	:invoke	:read	nil
1	:ok	:read	[0 1 2 3 4 5 6 7 8 9 10 11 12 13 14 15 16 17 18 19 20 21 22 23 24 25 26 27 28 29 30 31 32 33 34 35 36 37]
2	:invoke	:read	nil
2	:ok	:read	[0 1 2 3 4 5 6 7 8 9 10 11 12 13 14 15 16 17 18 19 20 21 22 23 24 25 26 27 28 29 30 31 32 33 34 35 36 37]
3	:invoke	:read	nil
3	:ok	:read	[0 1 2 3 4 5 6 7 8 9 10 11 12 13 14 15 16 17 18 19 20 21 22 23 24 25 26 27 28 29 30 31 32 33 34 35 36 37]
4	:invoke	:read	nil
4	:ok	:read	[0 1 2 3 4 5 6 7 8 9 10 11 12 13 14 15 16 17 18 19 20 21 22 23 24 25 26 27 28 29 30 31 32 33 34 35 36 37]
0	:invoke	:broadcast	38
1	:invoke	:read	nil
0	:ok	:broadcast	38
1	:ok	:read	[0 1 2 3 4 5 6 7 8 9 10 11 12 13 14 15 16 17 18 19 20 21 22 23 24 25 26 27 28 29 30 31 32 33 34 35 36 37]
1	:invoke	:broadcast	39
1	:ok	:broadcast	39
2	:invoke	:broadcast	40
2	:ok	:broadcast	40
3	:invoke	:broadcast	41
3	:ok	:broadcast	41
4	:invoke	:read	nil
4	:ok	:read	[0 1 2 3 4 5 6 7 8 9 10 11 12 13 14 15 16 17 18 19 20 21 22 23 24 25 26 27 28 29 30 31 32 33 34 35 36 37 38 39 40 41]
0	:invoke	:broadcast	42
0	:ok	:broadcast	42
0	:invoke	:read	nil
0	:ok	:read	[0 1 2 3 4 5 6 7 8 9 10 11 12 13 14 15 16 17 18 19 20 21 22 23 24 25 26 27 28 29 30 31 32 33 34 35 36 37 38 39 40 41 42]
1	:invoke	:broadcast	43
1	:ok	:broadcast	43
2	:invoke	:read	nil
2	:ok	:read	[0 1 2 3 4 5 6 7 8 9 10 11 12 13 14 15 16 17 18 19 20 21 22 23 24 25 26 27 28 29 30 31 32 33 34 35 36 37 38 39 40 41 42 43]
3	:invoke	:read	nil
3	:ok	:read	[0 1 2 3 4 5 6 7 8 9 10 11 12 13 14 15 16 17 18 19 20 21 22 23 24 25 26 27 28 29 30 31 32 33 34 35 36 37 38 39 40 41 42 43]
4	:invoke	:broadcast	44
4	:ok	:broadcast	44
0	:invoke	:read	nil
0	:ok	:read	[0 1 2 3 4 5 6 7 8 9 10 11 12 13 14 15 16 17 18 19 20 21 22 23 24 25 26 27 28 29 30 31 32 33 34 35 36 37 38 39 40 41 42 43 44]
0	:invoke	:broadcast	45
0	:ok	:broadcast	45
1	:invoke	:broadcast	46
1	:ok	:broadcast	46
2	:invoke	:broadcast	47
2	:ok	:broadcast	47
:nemesis	:info	:stop-partition	nil
:nemesis	:info	:stop-partition	:network-healed
4	:invoke	:read	nil
4	:ok	:read	[0 1 2 3 4 5 6 7 8 9 10 11 12 13 14 15 16 17 18 19 20 21 22 23 24 25 26 27 28 29 30 31 32 33 34 35 36 37 38 39 40 41 42 43 44 45 46 47]
0	:invoke	:read	nil
0	:ok	:read	[0 1 2 3 4 5 6 7 8 9 10 11 12 13 14 15 16 17 18 19 20 21 22 23 24 25 26 27 28 29 30 31 32 33 34 35 36 37 38 39 40 41 42 43 44 45 46 47]
0	:invoke	:broadcast	48
0	:ok	:broadcast	48
1	:invoke	:read	nil
1	:ok	:read	[0 1 2 3 4 5 6 7 8 9 10 11 12 13 14 15 16 17 18 19 20 21 22 23 24 25 26 27 28 29 30 31 32 33 34 35 36 37 38 39 40 41 42 43 44 45 46 47 48]
2	:invoke	:broadcast	49
2	:ok	:broadcast	49
3	:invoke	:broadcast	50
3	:ok	:broadcast	50
4	:invoke	:broadcast	51
4	:ok	:broadcast	51
0	:invoke	:read	nil
0	:ok	:read	[0 1 2 3 4 5 6 7 8 9 10 11 12 13 14 15 16 17 18 19 20 21 22 23 24 25 26 27 28 29 30 31 32 33 34 35 36 37 38 39 40 41 42 43 44 45 46 47 48 49 50 51]
0	:invoke	:broadcast	52
0	:ok	:broadcast	52
1	:invoke	:read	nil
1	:ok	:read	[0 1 2 3 4 5 6 7 8 9 10 11 12 13 14 15 16 17 18 19 20 21 22 23 24 25 26 27 28 29 30 31 32 33 34 35 36 37 38 39 40 41 42 43 44 45 46 47 48 49 50 51 52]
2	:invoke	:broadcast	53
2	:ok	:broadcast	53
3	:invoke	:read	nil
3	:ok	:read	[0 1 2 3 4 5 6 7 8 9 10 11 12 13 14 15 16 17 18 19 20 21 22 23 24 25 26 27 28 29 30 31 32 33 34 35 36 37 38 39 40 41 42 43 44 45 46 47 48 49 50 51 52 53]
4	:invoke	:read	nil
4	:ok	:read	[0 1 2 3 4 5 6 7 8 9 10 11 12 13 14 15 16 17 18 19 20 21 22 23 24 25 26 27 28 29 30 31 32 33 34 35 36 37 38 39 40 41 42 43 44 45 46 47 48 49 50 51 52 53]
0	:invoke	:broadcast	54
0	:ok	:broadcast	54
0	:invoke	:broadcast	55
0	:ok	:broadcast	55
1	:invoke	:read	nil
1	:ok	:read	[0 1 2 3 4 5 6 7 8 9 10 11 12 13 14 15 16 17 18 19 20 21 22 23 24 25 26 27 28 29 30 31 32 33 34 35 36 37 38 39 40 41 42 43 44 45 46 47 48 49 50 51 52 53 54 55]
2	:invoke	:read	nil
2	:ok	:read	[0 1 2 3 4 5 6 7 8 9 10 11 12 13 14 15 16 17 18 19 20 21 22 23 24 25 26 27 28 29 30 31 32 33 34 35 36 37 38 39 40 41 42 43 44 45 46 47 48 49 50 51 52 53 54 55]
3	:invoke	:broadcast	56
3	:ok	:broadcast	56
4	:invoke	:read	nil
4	:ok	:read	[0 1 2 3 4 5 6 7 8 9 10 11 12 13 14 15 16 17 18 19 20 21 22 23 24 25 26 27 28 29 30 31 32 33 34 35 36 37 38 39 40 41 42 43 44 45 46 47 48 49 50 51 52 53 54 55 56]
0	:invoke	:broadcast	57
0	:ok	:broadcast	57
0	:invoke	:broadcast	58
0	:ok	:broadcast	58
1	:invoke	:broadcast	59
1	:ok	:broadcast	59
2	:invoke	:read	nil
2	:ok	:read	[0 1 2 3 4 5 6 7 8 9 10 11 12 13 14 15 16 17 18 19 20 21 22 23 24 25 26 27 28 29 30 31 32 33 34 35 36 37 38 39 40 41 42 43 44 45 46 47 48 49 50 51 52 53 54 55 56 57 58 59]
3	:invoke	:read	nil
3	:ok	:read	[0 1 2 3 4 5 6 7 8 9 10 11 12 13 14 15 16 17 18 19 20 21 22 23 24 25 26 27 28 29 30 31 32 33 34 35 36 37 38 39 40 41 42 43 44 45 46 47 48 49 50 51 52 53 54 55 56 57 58 59]
4	:invoke	:broadcast	60
4	:ok	:broadcast	60
0	:invoke	:broadcast	61
0	:ok	:broadcast	61
0	:invoke	:read	nil
0	:ok	:read	[0 1 2 3 4 5 6 7 8 9 10 11 12 13 14 15 16 17 18 19 20 21 22 23 24 25 26 27 28 29 30 31 32 33 34 35 36 37 38 39 40 41 42 43 44 45 46 47 48 49 50 51 52 53 54 55 56 57 58 59 60 61]
1	:invoke	:broadcast	62
1	:ok	:broadcast	62
2	:invoke	:read	nil
2	:ok	:read	[0 1 2 3 4 5 6 7 8 9 10 11 12 13 14 15 16 17 18 19 20 21 22 23 24 25 26 27 28 29 30 31 32 33 34 35 36 37 38 39 40 41 42 43 44 45 46 47 48 49 50 51 52 53 54 55 56 57 58 59 60 61 62]
3	:invoke	:read	nil
3	:ok	:read	[0 1 2 3 4 5 6 7 8 9 10 11 12 13 14 15 16 17 18 19 20 21 22 23 24 25 26 27 28 29 30 31 32 33 34 35 36 37 38 39 40 41 42 43 44 45 46 47 48 49 50 51 52 53 54 55 56 57 58 59 60 61 62]
4	:invoke	:broadcast	63
4	:ok	:broadcast	63
0	:invoke	:read	nil
0	:ok	:read	[0 1 2 3 4 5 6 7 8 9 10 11 12 13 14 15 16 17 18 19 20 21 22 23 24 25 26 27 28 29 30 31 32 33 34 35 36 37 38 39 40 41 42 43 44 45 46 47 48 49 50 51 52 53 54 55 56 57 58 59 60 61 62 63]
0	:invoke	:broadcast	64
0	:ok	:broadcast	64
1	:invoke	:read	nil
1	:ok	:read	[0 1 2 3 4 5 6 7 8 9 10 11 12 13 14 15 16 17 18 19 20 21 22 23 24 25 26 27 28 29 30 31 32 33 34 35 36 37 38 39 40 41 42 43 44 45 46 47 48 49 50 51 52 53 54 55 56 57 58 59 60 61 62 63 64]
2	:invoke	:broadcast	65
2	:ok	:broadcast	65
3	:invoke	:broadcast	66
3	:ok	:broadcast	66
4	:invoke	:broadcast	67
4	:ok	:broadcast	67
0	:invoke	:read	nil
0	:ok	:read	[0 1 2 3 4 5 6 7 8 9 10 11 12 13 14 15 16 17 18 19 20 21 22 23 24 25 26 27 28 29 30 31 32 33 34 35 36 37 38 39 40 41 42 43 44 45 46 47 48 49 50 51 52 53 54 55 56 57 58 59 60 61 62 63 64 65 66 67]
0	:invoke	:read	nil
0	:ok	:read	[0 1 2 3 4 5 6 7 8 9 10 11 12 13 14 15 16 17 18 19 20 21 22 23 24 25 26 27 28 29 30 31 32 33 34 35 36 37 38 39 40 41 42 43 44 45 46 47 48 49 50 51 52 53 54 55 56 57 58 59 60 61 62 63 64 65 66 67]
1	:invoke	:broadcast	68
1	:ok	:broadcast	68
2	:invoke	:read	nil
2	:ok	:read	[0 1 2 3 4 5 6 7 8 9 10 11 12 13 14 15 16 17 18 19 20 21 22 23 24 25 26 27 28 29 30 31 32 33 34 35 36 37 38 39 40 41 42 43 44 45 46 47 48 49 50 51 52 53 54 55 56 57 58 59 60 61 62 63 64 65 66 67 68]
3	:invoke	:read	nil
3	:ok	:read	[0 1 2 3 4 5 6 7 8 9 10 11 12 13 14 15 16 17 18 19 20 21 22 23 24 25 26 27 28 29 30 31 32 33 34 35 36 37 38 39 40 41 42 43 44 45 46 47 48 49 50 51 52 53 54 55 56 57 58 59 60 61 62 63 64 65 66 67 68]
4	:invoke	:read	nil
4	:ok	:read	[0 1 2 3 4 5 6 7 8 9 10 11 12 13 14 15 16 17 18 19 20 21 22 23 24 25 26 27 28 29 30 31 32 33 34 35 36 37 38 39 40 41 42 43 44 45 46 47 48 49 50 51 52 53 54 55 56 57 58 59 60 61 62 63 64 65 66 67 68]
0	:invoke	:broadcast	69
0	:ok	:broadcast	69
0	:invoke	:broadcast	70
0	:ok	:broadcast	70
1	:invoke	:read	nil
1	:ok	:read	[0 1 2 3 4 5 6 7 8 9 10 11 12 13 14 15 16 17 18 19 20 21 22 23 24 25 26 27 28 29 30 31 32 33 34 35 36 37 38 39 40 41 42 43 44 45 46 47 48 49 50 51 52 53 54 55 56 57 58 59 60 61 62 63 64 65 66 67 68 69 70]
2	:invoke	:read	nil
2	:ok	:read	[0 1 2 3 4 5 6 7 8 9 10 11 12 13 14 15 16 17 18 19 20 21 22 23 24 25 26 27 28 29 30 31 32 33 34 35 36 37 38 39 40 41 42 43 44 45 46 47 48 49 50 51 52 53 54 55 56 57 58 59 60 61 62 63 64 65 66 67 68 69 70]
3	:invoke	:read	nil
3	:ok	:read	[0 1 2 3 4 5 6 7 8 9 10 11 12 13 14 15 16 17 18 19 20 21 22 23 24 25 26 27 28 29 30 31 32 33 34 35 36 37 38 39 40 41 42 43 44 45 46 47 48 49 50 51 52 53 54 55 56 57 58 59 60 61 62 63 64 65 66 67 68 69 70]
4	:invoke	:broadcast	71
4	:ok	:broadcast	71
0	:invoke	:read	nil
0	:ok	:read	[0 1 2 3 4 5 6 7 8 9 10 11 12 13 14 15 16 17 18 19 20 21 22 23 24 25 26 27 28 29 30 31 32 33 34 35 36 37 38 39 40 41 42 43 44 45 46 47 48 49 50 51 52 53 54 55 56 57 58 59 60 61 62 63 64 65 66 67 68 69 70 71]
0	:invoke	:broadcast	72
0	:ok	:broadcast	72
1	:invoke	:read	nil
1	:ok	:read	[0 1 2 3 4 5 6 7 8 9 10 11 12 13 14 15 16 17 18 19 20 21 22 23 24 25 26 27 28 29 30 31 32 33 34 35 36 37 38 39 40 41 42 43 44 45 46 47 48 49 50 51 52 53 54 55 56 57 58 59 60 61 62 63 64 65 66 67 68 69 70 71 72]
2	:invoke	:read	nil
2	:ok	:read	[0 1 2 3 4 5 6 7 8 9 10 11 12 13 14 15 16 17 18 19 20 21 22 23 24 25 26 27 28 29 30 31 32 33 34 35 36 37 38 39 40 41 42 43 44 45 46 47 48 49 50 51 52 53 54 55 56 57 58 59 60 61 62 63 64 65 66 67 68 69 70 71 72]
3	:invoke	:read	nil
3	:ok	:read	[0 1 2 3 4 5 6 7 8 9 10 11 12 13 14 15 16 17 18 19 20 21 22 23 24 25 26 27 28 29 30 31 32 33 34 35 36 37 38 39 40 41 42 43 44 45 46 47 48 49 50 51 52 53 54 55 56 57 58 59 60 61 62 63 64 65 66 67 68 69 70 71 72]
4	:invoke	:read	nil
4	:ok	:read	[0 1 2 3 4 5 6 7 8 9 10 11 12 13 14 15 16 17 18 19 20 21 22 23 24 25 26 27 28 29 30 31 32 33 34 35 36 37 38 39 40 41 42 43 44 45 46 47 48 49 50 51 52 53 54 55 56 57 58 59 60 61 62 63 64 65 66 67 68 69 70 71 72]
0	:invoke	:read	nil
0	:ok	:read	[0 1 2 3 4 5 6 7 8 9 10 11 12 13 14 15 16 17 18 19 20 21 22 23 24 25 26 27 28 29 30 31 32 33 34 35 36 37 38 39 40 41 42 43 44 45 46 47 48 49 50 51 52 53 54 55 56 57 58 59 60 61 62 63 64 65 66 67 68 69 70 71 72]
0	:invoke	:broadcast	73
0	:ok	:broadcast	73
1	:invoke	:read	nil
1	:ok	:read	[0 1 2 3 4 5 6 7 8 9 10 11 12 13 14 15 16 17 18 19 20 21 22 23 24 25 26 27 28 29 30 31 32 33 34 35 36 37 38 39 40 41 42 43 44 45 46 47 48 49 50 51 52 53 54 55 56 57 58 59 60 61 62 63 64 65 66 67 68 69 70 71 72 73]
2	:invoke	:broadcast	74
2	:ok	:broadcast	74
3	:invoke	:read	nil
3	:ok	:read	[0 1 2 3 4 5 6 7 8 9 10 11 12 13 14 15 16 17 18 19 20 21 22 23 24 25 26 27 28 29 30 31 32 33 34 35 36 37 38 39 40 41 42 43 44 45 46 47 48 49 50 51 52 53 54 55 56 57 58 59 60 61 62 63 64 65 66 67 68 69 70 71 72 73 74]
4	:invoke	:broadcast	75
4	:ok	:broadcast	75
0	:invoke	:read	nil
0	:ok	:read	[0 1 2 3 4 5 6 7 8 9 10 11 12 13 14 15 16 17 18 19 20 21 22 23 24 25 26 27 28 29 30 31 32 33 34 35 36 37 38 39 40 41 42 43 44 45 46 47 48 49 50 51 52 53 54 55 56 57 58 59 60 61 62 63 64 65 66 67 68 69 70 71 72 73 74 75]
0	:invoke	:broadcast	76
0	:ok	:broadcast	76
1	:invoke	:read	nil
1	:ok	:read	[0 1 2 3 4 5 6 7 8 9 10 11 12 13 14 15 16 17 18 19 20 21 22 23 24 25 26 27 28 29 30 31 32 33 34 35 36 37 38 39 40 41 42 43 44 45 46 47 48 49 50 51 52 53 54 55 56 57 58 59 60 61 62 63 64 65 66 67 68 69 70 71 72 73 74 75 76]
2	:invoke	:broadcast	77
2	:ok	:broadcast	77
3	:invoke	:read	nil
3	:ok	:read	[0 1 2 3 4 5 6 7 8 9 10 11 12 13 14 15 16 17 18 19 20 21 22 23 24 25 26 27 28 29 30 31 32 33 34 35 36 37 38 39 40 41 42 43 44 45 46 47 48 49 50 51 52 53 54 55 56 57 58 59 60 61 62 63 64 65 66 67 68 69 70 71 72 73 74 75 76 77]
4	:invoke	:read	nil
4	:ok	:read	[0 1 2 3 4 5 6 7 8 9 10 11 12 13 14 15 16 17 18 19 20 21 22 23 24 25 26 27 28 29 30 31 32 33 34 35 36 37 38 39 40 41 42 43 44 45 46 47 48 49 50 51 52 53 54 55 56 57 58 59 60 61 62 63 64 65 66 67 68 69 70 71 72 73 74 75 76 77]
0	:invoke	:read	nil
0	:ok	:read	[0 1 2 3 4 5 6 7 8 9 10 11 12 13 14 15 16 17 18 19 20 21 22 23 24 25 26 27 28 29 30 31 32 33 34 35 36 37 38 39 40 41 42 43 44 45 46 47 48 49 50 51 52 53 54 55 56 57 58 59 60 61 62 63 64 65 66 67 68 69 70 71 72 73 74 75 76 77]
0	:invoke	:broadcast	78
0	:ok	:broadcast	78
1	:invoke	:read	nil
1	:ok	:read	[0 1 2 3 4 5 6 7 8 9 10 11 12 13 14 15 16 17 18 19 20 21 22 23 24 25 26 27 28 29 30 31 32 33 34 35 36 37 38 39 40 41 42 43 44 45 46 47 48 49 50 51 52 53 54 55 56 57 58 59 60 61 62 63 64 65 66 67 68 69 70 71 72 73 74 75 76 77 78]
2	:invoke	:read	nil
2	:ok	:read	[0 1 2 3 4 5 6 7 8 9 10 11 12 13 14 15 16 17 18 19 20 21 22 23 24 25 26 27 28 29 30 31 32 33 34 35 36 37 38 39 40 41 42 43 44 45 46 47 48 49 50 51 52 53 54 55 56 57 58 59 60 61 62 63 64 65 66 67 68 69 70 71 72 73 74 75 76 77 78]
3	:invoke	:read	nil
3	:ok	:read	[0 1 2 3 4 5 6 7 8 9 10 11 12 13 14 15 16 17 18 19 20 21 22 23 24 25 26 27 28 29 30 31 32 33 34 35 36 37 38 39 40 41 42 43 44 45 46 47 48 49 50 51 52 53 54 55 56 57 58 59 60 61 62 63 64 65 66 67 68 69 70 71 72 73 74 75 76 77 78]
4	:invoke	:read	nil
4	:ok	:read	[0 1 2 3 4 5 6 7 8 9 10 11 12 13 14 15 16 17 18 19 20 21 22 23 24 25 26 27 28 29 30 31 32 33 34 35 36 37 38 39 40 41 42 43 44 45 46 47 48 49 50 51 52 53 54 55 56 57 58 59 60 61 62 63 64 65 66 67 68 69 70 71 72 73 74 75 76 77 78]
0	:invoke	:read	nil
0	:ok	:read	[0 1 2 3 4 5 6 7 8 9 10 11 12 13 14 15 16 17 18 19 20 21 22 23 24 25 26 27 28 29 30 31 32 33 34 35 36 37 38 39 40 41 42 43 44 45 46 47 48 49 50 51 52 53 54 55 56 57 58 59 60 61 62 63 64 65 66 67 68 69 70 71 72 73 74 75 76 77 78]
0	:invoke	:read	nil
0	:ok	:read	[0 1 2 3 4 5 6 7 8 9 10 11 12 13 14 15 16 17 18 19 20 21 22 23 24 25 26 27 28 29 30 31 32 33 34 35 36 37 38 39 40 41 42 43 44 45 46 47 48 49 50 51 52 53 54 55 56 57 58 59 60 61 62 63 64 65 66 67 68 69 70 71 72 73 74 75 76 77 78]
1	:invoke	:read	nil
1	:ok	:read	[0 1 2 3 4 5 6 7 8 9 10 11 12 13 14 15 16 17 18 19 20 21 22 23 24 25 26 27 28 29 30 31 32 33 34 35 36 37 38 39 40 41 42 43 44 45 46 47 48 49 50 51 52 53 54 55 56 57 58 59 60 61 62 63 64 65 66 67 68 69 70 71 72 73 74 75 76 77 78]
2	:invoke	:read	nil
2	:ok	:read	[0 1 2 3 4 5 6 7 8 9 10 11 12 13 14 15 16 17 18 19 20 21 22 23 24 25 26 27 28 29 30 31 32 33 34 35 36 37 38 39 40 41 42 43 44 45 46 47 48 49 50 51 52 53 54 55 56 57 58 59 60 61 62 63 64 65 66 67 68 69 70 71 72 73 74 75 76 77 78]
3	:invoke	:read	nil
3	:ok	:read	[0 1 2 3 4 5 6 7 8 9 10 11 12 13 14 15 16 17 18 19 20 21 22 23 24 25 26 27 28 29 30 31 32 33 34 35 36 37 38 39 40 41 42 43 44 45 46 47 48 49 50 51 52 53 54 55 56 57 58 59 60 61 62 63 64 65 66 67 68 69 70 71 72 73 74 75 76 77 78]
4	:invoke	:read	nil
4	:ok	:read	[0 1 2 3 4 5 6 7 8 9 10 11 12 13 14 15 16 17 18 19 20 21 22 23 24 25 26 27 28 29 30 31 32 33 34 35 36 37 38 39 40 41 42 43 44 45 46 47 48 49 50 51 52 53 54 55 56 57 58 59 60 61 62 63 64 65 66 67 68 69 70 71 72 73 74 75 76 77 78]
0	:invoke	:broadcast	79
0	:ok	:broadcast	79
0	:invoke	:read	nil
0	:ok	:read	[0 1 2 3 4 5 6 7 8 9 10 11 12 13 14 15 16 17 18 19 20 21 22 23 24 25 26 27 28 29 30 31 32 33 34 35 36 37 38 39 40 41 42 43 44 45 46 47 48 49 50 51 52 53 54 55 56 57 58 59 60 61 62 63 64 65 66 67 68 69 70 71 72 73 74 75 76 77 78 79]
1	:invoke	:broadcast	80
1	:ok	:broadcast	80
2	:invoke	:broadcast	81
2	:ok	:broadcast	81
3	:invoke	:broadcast	82
3	:ok	:broadcast	82
4	:invoke	:broadcast	83
4	:ok	:broadcast	83
0	:invoke	:broadcast	84
0	:ok	:broadcast	84
0	:invoke	:broadcast	85
0	:ok	:broadcast	85
1	:invoke	:broadcast	86
1	:ok	:broadcast	86
:nemesis	:info	:stop-partition	nil
:nemesis	:info	:stop-partition	:network-healed
1	:invoke	:read	nil
0	:invoke	:read	nil
4	:invoke	:read	nil
2	:invoke	:read	nil
3	:invoke	:read	nil
0	:ok	:read	[0 1 2 3 4 5 6 7 8 9 10 11 12 13 14 15 16 17 18 19 20 21 22 23 24 25 26 27 28 29 30 31 32 33 34 35 36 37 38 39 40 41 42 43 44 45 46 47 48 49 50 51 52 53 54 55 56 57 58 59 60 61 62 63 64 65 66 67 68 69 70 71 72 73 74 75 76 77 78 79 80 81 82 83 84 85 86]
1	:ok	:read	[0 1 2 3 4 5 6 7 8 9 10 11 12 13 14 15 16 17 18 19 20 21 22 23 24 25 26 27 28 29 30 31 32 33 34 35 36 37 38 39 40 41 42 43 44 45 46 47 48 49 50 51 52 53 54 55 56 57 58 59 60 61 62 63 64 65 66 67 68 69 70 71 72 73 74 75 76 77 78 79 80 81 82 83 84 85 86]
2	:ok	:read	[0 1 2 3 4 5 6 7 8 9 10 11 12 13 14 15 16 17 18 19 20 21 22 23 24 25 26 27 28 29 30 31 32 33 34 35 36 37 38 39 40 41 42 43 44 45 46 47 48 49 50 51 52 53 54 55 56 57 58 59 60 61 62 63 64 65 66 67 68 69 70 71 72 73 74 75 76 77 78 79 80 81 82 83 84 85 86]
3	:ok	:read	[0 1 2 3 4 5 6 7 8 9 10 11 12 13 14 15 16 17 18 19 20 21 22 23 24 25 26 27 28 29 30 31 32 33 34 35 36 37 38 39 40 41 42 43 44 45 46 47 48 49 50 51 52 53 54 55 56 57 58 59 60 61 62 63 64 65 66 67 68 69 70 71 72 73 74 75 76 77 78 79 80 81 82 83 84 85 86]
4	:ok	:read	[0 1 2 3 4 5 6 7 8 9 10 11 12 13 14 15 16 17 18 19 20 21 22 23 24 25 26 27 28 29 30 31 32 33 34 35 36 37 38 39 40 41 42 43 44 45 46 47 48 49 50 51 52 53 54 55 56 57 58 59 60 61 62 63 64 65 66 67 68 69 70 71 72 73 74 75 76 77 78 79 80 81 82 83 84 85 86]
